(kicad_pcb (version 20171130) (host pcbnew "(5.0.1)-3")

  (general
    (thickness 1.6)
    (drawings 75)
    (tracks 1279)
    (zones 0)
    (modules 256)
    (nets 240)
  )

  (page A3)
  (layers
    (0 F.Cu signal)
    (31 B.Cu signal)
    (32 B.Adhes user)
    (33 F.Adhes user)
    (34 B.Paste user)
    (35 F.Paste user)
    (36 B.SilkS user)
    (37 F.SilkS user)
    (38 B.Mask user)
    (39 F.Mask user)
    (40 Dwgs.User user)
    (41 Cmts.User user)
    (42 Eco1.User user)
    (43 Eco2.User user)
    (44 Edge.Cuts user)
    (45 Margin user)
    (46 B.CrtYd user)
    (47 F.CrtYd user)
    (48 B.Fab user)
    (49 F.Fab user)
  )

  (setup
    (last_trace_width 0.508)
    (user_trace_width 0.254)
    (user_trace_width 0.381)
    (user_trace_width 0.508)
    (trace_clearance 0.2)
    (zone_clearance 0.508)
    (zone_45_only no)
    (trace_min 0.2)
    (segment_width 0.2)
    (edge_width 0.1)
    (via_size 0.8)
    (via_drill 0.4)
    (via_min_size 0.4)
    (via_min_drill 0.3)
    (uvia_size 0.3)
    (uvia_drill 0.1)
    (uvias_allowed no)
    (uvia_min_size 0.2)
    (uvia_min_drill 0.1)
    (pcb_text_width 0.3)
    (pcb_text_size 1.5 1.5)
    (mod_edge_width 0.15)
    (mod_text_size 1 1)
    (mod_text_width 0.15)
    (pad_size 3.6 3)
    (pad_drill 0)
    (pad_to_mask_clearance 0)
    (solder_mask_min_width 0.25)
    (aux_axis_origin 0 0)
    (grid_origin 144.272 55.608)
    (visible_elements 7FFFFFFF)
    (pcbplotparams
      (layerselection 0x010fc_ffffffff)
      (usegerberextensions false)
      (usegerberattributes false)
      (usegerberadvancedattributes false)
      (creategerberjobfile false)
      (excludeedgelayer true)
      (linewidth 0.100000)
      (plotframeref false)
      (viasonmask false)
      (mode 1)
      (useauxorigin false)
      (hpglpennumber 1)
      (hpglpenspeed 20)
      (hpglpendiameter 15.000000)
      (psnegative false)
      (psa4output false)
      (plotreference true)
      (plotvalue true)
      (plotinvisibletext false)
      (padsonsilk false)
      (subtractmaskfromsilk false)
      (outputformat 1)
      (mirror false)
      (drillshape 1)
      (scaleselection 1)
      (outputdirectory ""))
  )

  (net 0 "")
  (net 1 GND)
  (net 2 VCC)
  (net 3 DGND)
  (net 4 /RESET1#)
  (net 5 "Net-(C4-Pad2)")
  (net 6 "Net-(C5-Pad2)")
  (net 7 DVCC)
  (net 8 "Net-(C8-Pad2)")
  (net 9 "Net-(C9-Pad2)")
  (net 10 "Net-(C10-Pad1)")
  (net 11 AVCC)
  (net 12 "Net-(D1-Pad1)")
  (net 13 row1)
  (net 14 row2)
  (net 15 "Net-(D2-Pad1)")
  (net 16 "Net-(D3-Pad1)")
  (net 17 row3)
  (net 18 "Net-(D4-Pad1)")
  (net 19 row4)
  (net 20 row5)
  (net 21 "Net-(D5-Pad1)")
  (net 22 "Net-(D6-Pad1)")
  (net 23 "Net-(D7-Pad1)")
  (net 24 "Net-(D8-Pad1)")
  (net 25 "Net-(D9-Pad1)")
  (net 26 "Net-(D10-Pad1)")
  (net 27 "Net-(D11-Pad1)")
  (net 28 "Net-(D12-Pad1)")
  (net 29 "Net-(D13-Pad1)")
  (net 30 "Net-(D14-Pad1)")
  (net 31 "Net-(D15-Pad1)")
  (net 32 "Net-(D16-Pad1)")
  (net 33 "Net-(D17-Pad1)")
  (net 34 "Net-(D18-Pad1)")
  (net 35 "Net-(D19-Pad1)")
  (net 36 "Net-(D20-Pad1)")
  (net 37 "Net-(D21-Pad1)")
  (net 38 "Net-(D22-Pad1)")
  (net 39 "Net-(D23-Pad1)")
  (net 40 "Net-(D24-Pad1)")
  (net 41 "Net-(D25-Pad1)")
  (net 42 "Net-(D26-Pad1)")
  (net 43 "Net-(D27-Pad1)")
  (net 44 "Net-(D28-Pad1)")
  (net 45 "Net-(D29-Pad1)")
  (net 46 "Net-(D30-Pad1)")
  (net 47 "Net-(D31-Pad1)")
  (net 48 "Net-(D32-Pad1)")
  (net 49 "Net-(D33-Pad1)")
  (net 50 "Net-(D34-Pad1)")
  (net 51 "Net-(D35-Pad1)")
  (net 52 "Net-(D36-Pad1)")
  (net 53 "Net-(D37-Pad1)")
  (net 54 "Net-(D38-Pad1)")
  (net 55 "Net-(D39-Pad1)")
  (net 56 "Net-(D40-Pad1)")
  (net 57 "Net-(D41-Pad1)")
  (net 58 "Net-(D42-Pad1)")
  (net 59 "Net-(D43-Pad1)")
  (net 60 "Net-(D44-Pad1)")
  (net 61 "Net-(D45-Pad1)")
  (net 62 "Net-(D46-Pad1)")
  (net 63 "Net-(D47-Pad1)")
  (net 64 "Net-(D48-Pad1)")
  (net 65 "Net-(D49-Pad1)")
  (net 66 "Net-(D50-Pad1)")
  (net 67 "Net-(D51-Pad1)")
  (net 68 "Net-(D52-Pad1)")
  (net 69 "Net-(D53-Pad1)")
  (net 70 "Net-(D54-Pad1)")
  (net 71 "Net-(D55-Pad1)")
  (net 72 "Net-(D56-Pad1)")
  (net 73 "Net-(D57-Pad1)")
  (net 74 "Net-(D58-Pad1)")
  (net 75 "Net-(D59-Pad1)")
  (net 76 "Net-(D60-Pad1)")
  (net 77 "Net-(D61-Pad1)")
  (net 78 "Net-(D62-Pad1)")
  (net 79 "Net-(D63-Pad1)")
  (net 80 "Net-(D64-Pad1)")
  (net 81 "Net-(D65-Pad1)")
  (net 82 "Net-(DF1-Pad1)")
  (net 83 "Net-(DF2-Pad1)")
  (net 84 "Net-(DF3-Pad1)")
  (net 85 "Net-(DF4-Pad1)")
  (net 86 "Net-(DF5-Pad1)")
  (net 87 "Net-(J1-Pad2)")
  (net 88 "Net-(J1-Pad3)")
  (net 89 "Net-(J1-Pad5)")
  (net 90 "Net-(J2-Pad5)")
  (net 91 "Net-(J2-Pad3)")
  (net 92 "Net-(J2-Pad2)")
  (net 93 "Net-(J3-Pad2)")
  (net 94 "Net-(J3-Pad3)")
  (net 95 "Net-(J3-Pad5)")
  (net 96 "Net-(J4-Pad2)")
  (net 97 "Net-(J4-Pad3)")
  (net 98 "Net-(J4-Pad5)")
  (net 99 col8)
  (net 100 col14)
  (net 101 caps_led)
  (net 102 "Net-(J5-Pad5)")
  (net 103 "Net-(J5-Pad6)")
  (net 104 /RESET2#)
  (net 105 lrow1)
  (net 106 lrow2)
  (net 107 lrow3)
  (net 108 lrow4)
  (net 109 lrow5)
  (net 110 lcol1)
  (net 111 lcol2)
  (net 112 lcol3)
  (net 113 lcol4)
  (net 114 lcol5)
  (net 115 lcol6)
  (net 116 lcol7)
  (net 117 lcol8)
  (net 118 lcol9)
  (net 119 lcol10)
  (net 120 lcol11)
  (net 121 lcol12)
  (net 122 lcol13)
  (net 123 lcol14)
  (net 124 "Net-(J6-Pad20)")
  (net 125 /GPIO0)
  (net 126 /GPIO1)
  (net 127 /GPIO2)
  (net 128 /GPIO3)
  (net 129 /DP2)
  (net 130 /DM2)
  (net 131 "Net-(R4-Pad1)")
  (net 132 "Net-(R5-Pad1)")
  (net 133 "Net-(R7-Pad1)")
  (net 134 /DP3)
  (net 135 /DM3)
  (net 136 /DP4)
  (net 137 /DM4)
  (net 138 /DM0)
  (net 139 "Net-(R13-Pad1)")
  (net 140 /DP0)
  (net 141 "Net-(R17-Pad1)")
  (net 142 /DM1)
  (net 143 /DP1)
  (net 144 "Net-(R18-Pad1)")
  (net 145 "Net-(R19-Pad1)")
  (net 146 "Net-(RS1-Pad2)")
  (net 147 "Net-(RS2-Pad2)")
  (net 148 "Net-(RS3-Pad2)")
  (net 149 "Net-(RS4-Pad2)")
  (net 150 "Net-(RS5-Pad2)")
  (net 151 "Net-(RS6-Pad2)")
  (net 152 "Net-(RS7-Pad2)")
  (net 153 "Net-(RS8-Pad2)")
  (net 154 "Net-(RS9-Pad2)")
  (net 155 "Net-(RS10-Pad2)")
  (net 156 "Net-(RS11-Pad2)")
  (net 157 "Net-(RS12-Pad2)")
  (net 158 "Net-(RS13-Pad2)")
  (net 159 "Net-(RS14-Pad2)")
  (net 160 "Net-(RS15-Pad2)")
  (net 161 "Net-(RS16-Pad2)")
  (net 162 "Net-(RS17-Pad2)")
  (net 163 "Net-(RS18-Pad2)")
  (net 164 "Net-(RS19-Pad2)")
  (net 165 "Net-(RS20-Pad2)")
  (net 166 "Net-(RS21-Pad2)")
  (net 167 "Net-(RS22-Pad2)")
  (net 168 "Net-(RS23-Pad2)")
  (net 169 "Net-(RS24-Pad2)")
  (net 170 "Net-(RS25-Pad2)")
  (net 171 "Net-(RS26-Pad2)")
  (net 172 "Net-(RS27-Pad2)")
  (net 173 "Net-(RS28-Pad2)")
  (net 174 "Net-(RS29-Pad2)")
  (net 175 "Net-(RS30-Pad2)")
  (net 176 "Net-(RS31-Pad2)")
  (net 177 "Net-(RS32-Pad2)")
  (net 178 "Net-(RS33-Pad2)")
  (net 179 "Net-(RS34-Pad2)")
  (net 180 "Net-(RS35-Pad2)")
  (net 181 "Net-(RS36-Pad2)")
  (net 182 "Net-(RS37-Pad2)")
  (net 183 "Net-(RS38-Pad2)")
  (net 184 "Net-(RS39-Pad2)")
  (net 185 "Net-(RS40-Pad2)")
  (net 186 "Net-(RS41-Pad2)")
  (net 187 "Net-(RS42-Pad2)")
  (net 188 "Net-(RS43-Pad2)")
  (net 189 "Net-(RS44-Pad2)")
  (net 190 "Net-(RS45-Pad2)")
  (net 191 col11)
  (net 192 "Net-(RS46-Pad2)")
  (net 193 "Net-(RS47-Pad2)")
  (net 194 "Net-(RS48-Pad2)")
  (net 195 "Net-(RS49-Pad2)")
  (net 196 "Net-(RS50-Pad2)")
  (net 197 "Net-(RS51-Pad2)")
  (net 198 "Net-(RS52-Pad2)")
  (net 199 "Net-(RS53-Pad2)")
  (net 200 "Net-(RS54-Pad2)")
  (net 201 "Net-(RS55-Pad2)")
  (net 202 "Net-(RS56-Pad2)")
  (net 203 "Net-(RS57-Pad2)")
  (net 204 "Net-(RS58-Pad2)")
  (net 205 "Net-(RS59-Pad2)")
  (net 206 "Net-(RS60-Pad2)")
  (net 207 "Net-(RS61-Pad2)")
  (net 208 "Net-(RS62-Pad2)")
  (net 209 "Net-(RS63-Pad2)")
  (net 210 "Net-(RS64-Pad2)")
  (net 211 "Net-(RS65-Pad2)")
  (net 212 col1)
  (net 213 col2)
  (net 214 col3)
  (net 215 col4)
  (net 216 col5)
  (net 217 col6)
  (net 218 col7)
  (net 219 col9)
  (net 220 col10)
  (net 221 "Net-(SW46-Pad3)")
  (net 222 "Net-(SW51-Pad3)")
  (net 223 col12)
  (net 224 col13)
  (net 225 "Net-(U2-Pad24)")
  (net 226 "Net-(U2-Pad25)")
  (net 227 "Net-(U2-Pad31)")
  (net 228 "Net-(U2-Pad32)")
  (net 229 "Net-(U2-Pad35)")
  (net 230 "Net-(U2-Pad36)")
  (net 231 "Net-(U2-Pad45)")
  (net 232 "Net-(U2-Pad46)")
  (net 233 "Net-(U3-Pad8)")
  (net 234 /col15)
  (net 235 "Net-(U3-Pad42)")
  (net 236 "Net-(X1-Pad4)")
  (net 237 "Net-(X1-Pad2)")
  (net 238 "Net-(X2-Pad2)")
  (net 239 "Net-(X2-Pad4)")

  (net_class Default 这是默认网络组.
    (clearance 0.2)
    (trace_width 0.25)
    (via_dia 0.8)
    (via_drill 0.4)
    (uvia_dia 0.3)
    (uvia_drill 0.1)
    (add_net /DM0)
    (add_net /DM1)
    (add_net /DM2)
    (add_net /DM3)
    (add_net /DM4)
    (add_net /DP0)
    (add_net /DP1)
    (add_net /DP2)
    (add_net /DP3)
    (add_net /DP4)
    (add_net /GPIO0)
    (add_net /GPIO1)
    (add_net /GPIO2)
    (add_net /GPIO3)
    (add_net /RESET1#)
    (add_net /RESET2#)
    (add_net /col15)
    (add_net AVCC)
    (add_net DGND)
    (add_net DVCC)
    (add_net GND)
    (add_net "Net-(C10-Pad1)")
    (add_net "Net-(C4-Pad2)")
    (add_net "Net-(C5-Pad2)")
    (add_net "Net-(C8-Pad2)")
    (add_net "Net-(C9-Pad2)")
    (add_net "Net-(D1-Pad1)")
    (add_net "Net-(D10-Pad1)")
    (add_net "Net-(D11-Pad1)")
    (add_net "Net-(D12-Pad1)")
    (add_net "Net-(D13-Pad1)")
    (add_net "Net-(D14-Pad1)")
    (add_net "Net-(D15-Pad1)")
    (add_net "Net-(D16-Pad1)")
    (add_net "Net-(D17-Pad1)")
    (add_net "Net-(D18-Pad1)")
    (add_net "Net-(D19-Pad1)")
    (add_net "Net-(D2-Pad1)")
    (add_net "Net-(D20-Pad1)")
    (add_net "Net-(D21-Pad1)")
    (add_net "Net-(D22-Pad1)")
    (add_net "Net-(D23-Pad1)")
    (add_net "Net-(D24-Pad1)")
    (add_net "Net-(D25-Pad1)")
    (add_net "Net-(D26-Pad1)")
    (add_net "Net-(D27-Pad1)")
    (add_net "Net-(D28-Pad1)")
    (add_net "Net-(D29-Pad1)")
    (add_net "Net-(D3-Pad1)")
    (add_net "Net-(D30-Pad1)")
    (add_net "Net-(D31-Pad1)")
    (add_net "Net-(D32-Pad1)")
    (add_net "Net-(D33-Pad1)")
    (add_net "Net-(D34-Pad1)")
    (add_net "Net-(D35-Pad1)")
    (add_net "Net-(D36-Pad1)")
    (add_net "Net-(D37-Pad1)")
    (add_net "Net-(D38-Pad1)")
    (add_net "Net-(D39-Pad1)")
    (add_net "Net-(D4-Pad1)")
    (add_net "Net-(D40-Pad1)")
    (add_net "Net-(D41-Pad1)")
    (add_net "Net-(D42-Pad1)")
    (add_net "Net-(D43-Pad1)")
    (add_net "Net-(D44-Pad1)")
    (add_net "Net-(D45-Pad1)")
    (add_net "Net-(D46-Pad1)")
    (add_net "Net-(D47-Pad1)")
    (add_net "Net-(D48-Pad1)")
    (add_net "Net-(D49-Pad1)")
    (add_net "Net-(D5-Pad1)")
    (add_net "Net-(D50-Pad1)")
    (add_net "Net-(D51-Pad1)")
    (add_net "Net-(D52-Pad1)")
    (add_net "Net-(D53-Pad1)")
    (add_net "Net-(D54-Pad1)")
    (add_net "Net-(D55-Pad1)")
    (add_net "Net-(D56-Pad1)")
    (add_net "Net-(D57-Pad1)")
    (add_net "Net-(D58-Pad1)")
    (add_net "Net-(D59-Pad1)")
    (add_net "Net-(D6-Pad1)")
    (add_net "Net-(D60-Pad1)")
    (add_net "Net-(D61-Pad1)")
    (add_net "Net-(D62-Pad1)")
    (add_net "Net-(D63-Pad1)")
    (add_net "Net-(D64-Pad1)")
    (add_net "Net-(D65-Pad1)")
    (add_net "Net-(D7-Pad1)")
    (add_net "Net-(D8-Pad1)")
    (add_net "Net-(D9-Pad1)")
    (add_net "Net-(DF1-Pad1)")
    (add_net "Net-(DF2-Pad1)")
    (add_net "Net-(DF3-Pad1)")
    (add_net "Net-(DF4-Pad1)")
    (add_net "Net-(DF5-Pad1)")
    (add_net "Net-(J1-Pad2)")
    (add_net "Net-(J1-Pad3)")
    (add_net "Net-(J1-Pad5)")
    (add_net "Net-(J2-Pad2)")
    (add_net "Net-(J2-Pad3)")
    (add_net "Net-(J2-Pad5)")
    (add_net "Net-(J3-Pad2)")
    (add_net "Net-(J3-Pad3)")
    (add_net "Net-(J3-Pad5)")
    (add_net "Net-(J4-Pad2)")
    (add_net "Net-(J4-Pad3)")
    (add_net "Net-(J4-Pad5)")
    (add_net "Net-(J5-Pad5)")
    (add_net "Net-(J5-Pad6)")
    (add_net "Net-(J6-Pad20)")
    (add_net "Net-(R13-Pad1)")
    (add_net "Net-(R17-Pad1)")
    (add_net "Net-(R18-Pad1)")
    (add_net "Net-(R19-Pad1)")
    (add_net "Net-(R4-Pad1)")
    (add_net "Net-(R5-Pad1)")
    (add_net "Net-(R7-Pad1)")
    (add_net "Net-(RS1-Pad2)")
    (add_net "Net-(RS10-Pad2)")
    (add_net "Net-(RS11-Pad2)")
    (add_net "Net-(RS12-Pad2)")
    (add_net "Net-(RS13-Pad2)")
    (add_net "Net-(RS14-Pad2)")
    (add_net "Net-(RS15-Pad2)")
    (add_net "Net-(RS16-Pad2)")
    (add_net "Net-(RS17-Pad2)")
    (add_net "Net-(RS18-Pad2)")
    (add_net "Net-(RS19-Pad2)")
    (add_net "Net-(RS2-Pad2)")
    (add_net "Net-(RS20-Pad2)")
    (add_net "Net-(RS21-Pad2)")
    (add_net "Net-(RS22-Pad2)")
    (add_net "Net-(RS23-Pad2)")
    (add_net "Net-(RS24-Pad2)")
    (add_net "Net-(RS25-Pad2)")
    (add_net "Net-(RS26-Pad2)")
    (add_net "Net-(RS27-Pad2)")
    (add_net "Net-(RS28-Pad2)")
    (add_net "Net-(RS29-Pad2)")
    (add_net "Net-(RS3-Pad2)")
    (add_net "Net-(RS30-Pad2)")
    (add_net "Net-(RS31-Pad2)")
    (add_net "Net-(RS32-Pad2)")
    (add_net "Net-(RS33-Pad2)")
    (add_net "Net-(RS34-Pad2)")
    (add_net "Net-(RS35-Pad2)")
    (add_net "Net-(RS36-Pad2)")
    (add_net "Net-(RS37-Pad2)")
    (add_net "Net-(RS38-Pad2)")
    (add_net "Net-(RS39-Pad2)")
    (add_net "Net-(RS4-Pad2)")
    (add_net "Net-(RS40-Pad2)")
    (add_net "Net-(RS41-Pad2)")
    (add_net "Net-(RS42-Pad2)")
    (add_net "Net-(RS43-Pad2)")
    (add_net "Net-(RS44-Pad2)")
    (add_net "Net-(RS45-Pad2)")
    (add_net "Net-(RS46-Pad2)")
    (add_net "Net-(RS47-Pad2)")
    (add_net "Net-(RS48-Pad2)")
    (add_net "Net-(RS49-Pad2)")
    (add_net "Net-(RS5-Pad2)")
    (add_net "Net-(RS50-Pad2)")
    (add_net "Net-(RS51-Pad2)")
    (add_net "Net-(RS52-Pad2)")
    (add_net "Net-(RS53-Pad2)")
    (add_net "Net-(RS54-Pad2)")
    (add_net "Net-(RS55-Pad2)")
    (add_net "Net-(RS56-Pad2)")
    (add_net "Net-(RS57-Pad2)")
    (add_net "Net-(RS58-Pad2)")
    (add_net "Net-(RS59-Pad2)")
    (add_net "Net-(RS6-Pad2)")
    (add_net "Net-(RS60-Pad2)")
    (add_net "Net-(RS61-Pad2)")
    (add_net "Net-(RS62-Pad2)")
    (add_net "Net-(RS63-Pad2)")
    (add_net "Net-(RS64-Pad2)")
    (add_net "Net-(RS65-Pad2)")
    (add_net "Net-(RS7-Pad2)")
    (add_net "Net-(RS8-Pad2)")
    (add_net "Net-(RS9-Pad2)")
    (add_net "Net-(SW46-Pad3)")
    (add_net "Net-(SW51-Pad3)")
    (add_net "Net-(U2-Pad24)")
    (add_net "Net-(U2-Pad25)")
    (add_net "Net-(U2-Pad31)")
    (add_net "Net-(U2-Pad32)")
    (add_net "Net-(U2-Pad35)")
    (add_net "Net-(U2-Pad36)")
    (add_net "Net-(U2-Pad45)")
    (add_net "Net-(U2-Pad46)")
    (add_net "Net-(U3-Pad42)")
    (add_net "Net-(U3-Pad8)")
    (add_net "Net-(X1-Pad2)")
    (add_net "Net-(X1-Pad4)")
    (add_net "Net-(X2-Pad2)")
    (add_net "Net-(X2-Pad4)")
    (add_net VCC)
    (add_net caps_led)
    (add_net col1)
    (add_net col10)
    (add_net col11)
    (add_net col12)
    (add_net col13)
    (add_net col14)
    (add_net col2)
    (add_net col3)
    (add_net col4)
    (add_net col5)
    (add_net col6)
    (add_net col7)
    (add_net col8)
    (add_net col9)
    (add_net lcol1)
    (add_net lcol10)
    (add_net lcol11)
    (add_net lcol12)
    (add_net lcol13)
    (add_net lcol14)
    (add_net lcol2)
    (add_net lcol3)
    (add_net lcol4)
    (add_net lcol5)
    (add_net lcol6)
    (add_net lcol7)
    (add_net lcol8)
    (add_net lcol9)
    (add_net lrow1)
    (add_net lrow2)
    (add_net lrow3)
    (add_net lrow4)
    (add_net lrow5)
    (add_net row1)
    (add_net row2)
    (add_net row3)
    (add_net row4)
    (add_net row5)
  )

  (net_class SW ""
    (clearance 0.254)
    (trace_width 0.381)
    (via_dia 0.762)
    (via_drill 0.508)
    (uvia_dia 0.3)
    (uvia_drill 0.1)
  )

  (module mykeyboard:MX_LED (layer F.Cu) (tedit 5BEA1A03) (tstamp 5BEBAE61)
    (at 96.675 64.275)
    (path /5BF77DDD/5BEB9CBA)
    (fp_text reference SW17 (at -5.08 -5.08) (layer F.SilkS)
      (effects (font (size 1 1) (thickness 0.15)))
    )
    (fp_text value KEY (at 0 7.62) (layer F.Fab)
      (effects (font (size 1 1) (thickness 0.15)))
    )
    (fp_line (start 7.874 -7.874) (end -7.874 -7.874) (layer F.SilkS) (width 0.127))
    (fp_line (start 7.874 7.874) (end 7.874 -7.874) (layer F.SilkS) (width 0.127))
    (fp_line (start -7.874 7.874) (end 7.874 7.874) (layer F.SilkS) (width 0.127))
    (fp_line (start -7.874 -7.874) (end -7.874 7.874) (layer F.SilkS) (width 0.127))
    (pad "" connect rect (at 2.54 5.08) (size 1.27 0.508) (layers F.Cu F.Mask))
    (pad "" connect rect (at -2.54 5.08) (size 1.27 0.508) (layers F.Cu F.Mask))
    (pad "" np_thru_hole circle (at 5.08 0) (size 2.286 2.286) (drill 1.778) (layers *.Cu *.Mask))
    (pad "" np_thru_hole circle (at -5.08 0) (size 2.286 2.286) (drill 1.778) (layers *.Cu *.Mask))
    (pad 4 thru_hole circle (at 3.81 5.08) (size 1.524 1.524) (drill 1.143) (layers *.Cu *.Mask)
      (net 161 "Net-(RS16-Pad2)"))
    (pad 4 thru_hole circle (at 1.27 5.08) (size 1.524 1.524) (drill 1.143) (layers *.Cu *.Mask)
      (net 161 "Net-(RS16-Pad2)"))
    (pad 3 thru_hole circle (at -1.27 5.08) (size 1.524 1.524) (drill 1.143) (layers *.Cu *.Mask)
      (net 105 lrow1))
    (pad 3 thru_hole circle (at -3.81 5.08) (size 1.524 1.524) (drill 1.143) (layers *.Cu *.Mask)
      (net 105 lrow1))
    (pad 1 thru_hole circle (at 2.54 -5.08) (size 2.286 2.286) (drill 1.6002) (layers *.Cu *.Mask)
      (net 215 col4))
    (pad 2 thru_hole circle (at -3.81 -2.54) (size 2.286 2.286) (drill 1.6002) (layers *.Cu *.Mask)
      (net 32 "Net-(D16-Pad1)"))
    (pad "" np_thru_hole circle (at 0 0) (size 5.08 5.08) (drill 4.064) (layers *.Cu *.Mask))
  )

  (module mykeyboard:MX_LED (layer F.Cu) (tedit 5BEA1A03) (tstamp 5BEBB047)
    (at 91.9125 102.375)
    (path /5BF77DDD/5BEBA771)
    (fp_text reference SW14 (at -5.08 -5.08) (layer F.SilkS)
      (effects (font (size 1 1) (thickness 0.15)))
    )
    (fp_text value KEY (at 0 7.62) (layer F.Fab)
      (effects (font (size 1 1) (thickness 0.15)))
    )
    (fp_line (start -7.874 -7.874) (end -7.874 7.874) (layer F.SilkS) (width 0.127))
    (fp_line (start -7.874 7.874) (end 7.874 7.874) (layer F.SilkS) (width 0.127))
    (fp_line (start 7.874 7.874) (end 7.874 -7.874) (layer F.SilkS) (width 0.127))
    (fp_line (start 7.874 -7.874) (end -7.874 -7.874) (layer F.SilkS) (width 0.127))
    (pad "" np_thru_hole circle (at 0 0) (size 5.08 5.08) (drill 4.064) (layers *.Cu *.Mask))
    (pad 2 thru_hole circle (at -3.81 -2.54) (size 2.286 2.286) (drill 1.6002) (layers *.Cu *.Mask)
      (net 29 "Net-(D13-Pad1)"))
    (pad 1 thru_hole circle (at 2.54 -5.08) (size 2.286 2.286) (drill 1.6002) (layers *.Cu *.Mask)
      (net 214 col3))
    (pad 3 thru_hole circle (at -3.81 5.08) (size 1.524 1.524) (drill 1.143) (layers *.Cu *.Mask)
      (net 107 lrow3))
    (pad 3 thru_hole circle (at -1.27 5.08) (size 1.524 1.524) (drill 1.143) (layers *.Cu *.Mask)
      (net 107 lrow3))
    (pad 4 thru_hole circle (at 1.27 5.08) (size 1.524 1.524) (drill 1.143) (layers *.Cu *.Mask)
      (net 158 "Net-(RS13-Pad2)"))
    (pad 4 thru_hole circle (at 3.81 5.08) (size 1.524 1.524) (drill 1.143) (layers *.Cu *.Mask)
      (net 158 "Net-(RS13-Pad2)"))
    (pad "" np_thru_hole circle (at -5.08 0) (size 2.286 2.286) (drill 1.778) (layers *.Cu *.Mask))
    (pad "" np_thru_hole circle (at 5.08 0) (size 2.286 2.286) (drill 1.778) (layers *.Cu *.Mask))
    (pad "" connect rect (at -2.54 5.08) (size 1.27 0.508) (layers F.Cu F.Mask))
    (pad "" connect rect (at 2.54 5.08) (size 1.27 0.508) (layers F.Cu F.Mask))
  )

  (module Capacitor_SMD:C_1206_3216Metric_Pad1.42x1.75mm_HandSolder (layer F.Cu) (tedit 5B301BBE) (tstamp 5BEBC453)
    (at 242.222846 43.281298 270)
    (descr "Capacitor SMD 1206 (3216 Metric), square (rectangular) end terminal, IPC_7351 nominal with elongated pad for handsoldering. (Body size source: http://www.tortai-tech.com/upload/download/2011102023233369053.pdf), generated with kicad-footprint-generator")
    (tags "capacitor handsolder")
    (path /5BFE7F7F)
    (attr smd)
    (fp_text reference C1 (at 0 -1.82 270) (layer F.SilkS)
      (effects (font (size 1 1) (thickness 0.15)))
    )
    (fp_text value 10u (at 0 1.82 270) (layer F.Fab)
      (effects (font (size 1 1) (thickness 0.15)))
    )
    (fp_text user %R (at 0 0 270) (layer F.Fab)
      (effects (font (size 0.8 0.8) (thickness 0.12)))
    )
    (fp_line (start 2.45 1.12) (end -2.45 1.12) (layer F.CrtYd) (width 0.05))
    (fp_line (start 2.45 -1.12) (end 2.45 1.12) (layer F.CrtYd) (width 0.05))
    (fp_line (start -2.45 -1.12) (end 2.45 -1.12) (layer F.CrtYd) (width 0.05))
    (fp_line (start -2.45 1.12) (end -2.45 -1.12) (layer F.CrtYd) (width 0.05))
    (fp_line (start -0.602064 0.91) (end 0.602064 0.91) (layer F.SilkS) (width 0.12))
    (fp_line (start -0.602064 -0.91) (end 0.602064 -0.91) (layer F.SilkS) (width 0.12))
    (fp_line (start 1.6 0.8) (end -1.6 0.8) (layer F.Fab) (width 0.1))
    (fp_line (start 1.6 -0.8) (end 1.6 0.8) (layer F.Fab) (width 0.1))
    (fp_line (start -1.6 -0.8) (end 1.6 -0.8) (layer F.Fab) (width 0.1))
    (fp_line (start -1.6 0.8) (end -1.6 -0.8) (layer F.Fab) (width 0.1))
    (pad 2 smd roundrect (at 1.4875 0 270) (size 1.425 1.75) (layers F.Cu F.Paste F.Mask) (roundrect_rratio 0.175439)
      (net 1 GND))
    (pad 1 smd roundrect (at -1.4875 0 270) (size 1.425 1.75) (layers F.Cu F.Paste F.Mask) (roundrect_rratio 0.175439)
      (net 2 VCC))
    (model ${KISYS3DMOD}/Capacitor_SMD.3dshapes/C_1206_3216Metric.wrl
      (at (xyz 0 0 0))
      (scale (xyz 1 1 1))
      (rotate (xyz 0 0 0))
    )
  )

  (module Capacitor_SMD:C_0805_2012Metric_Pad1.15x1.40mm_HandSolder (layer F.Cu) (tedit 5B36C52B) (tstamp 5BEB9038)
    (at 290.313 47.752 225)
    (descr "Capacitor SMD 0805 (2012 Metric), square (rectangular) end terminal, IPC_7351 nominal with elongated pad for handsoldering. (Body size source: https://docs.google.com/spreadsheets/d/1BsfQQcO9C6DZCsRaXUlFlo91Tg2WpOkGARC1WS5S8t0/edit?usp=sharing), generated with kicad-footprint-generator")
    (tags "capacitor handsolder")
    (path /5BF556D7)
    (attr smd)
    (fp_text reference C2 (at 0 -1.65 225) (layer F.SilkS)
      (effects (font (size 1 1) (thickness 0.15)))
    )
    (fp_text value 104 (at 0 1.65 225) (layer F.Fab)
      (effects (font (size 1 1) (thickness 0.15)))
    )
    (fp_text user %R (at 0 0 225) (layer F.Fab)
      (effects (font (size 0.5 0.5) (thickness 0.08)))
    )
    (fp_line (start 1.85 0.95) (end -1.85 0.95) (layer F.CrtYd) (width 0.05))
    (fp_line (start 1.85 -0.95) (end 1.85 0.95) (layer F.CrtYd) (width 0.05))
    (fp_line (start -1.85 -0.95) (end 1.85 -0.95) (layer F.CrtYd) (width 0.05))
    (fp_line (start -1.85 0.95) (end -1.85 -0.95) (layer F.CrtYd) (width 0.05))
    (fp_line (start -0.261252 0.71) (end 0.261252 0.71) (layer F.SilkS) (width 0.12))
    (fp_line (start -0.261252 -0.71) (end 0.261252 -0.71) (layer F.SilkS) (width 0.12))
    (fp_line (start 1 0.6) (end -1 0.6) (layer F.Fab) (width 0.1))
    (fp_line (start 1 -0.6) (end 1 0.6) (layer F.Fab) (width 0.1))
    (fp_line (start -1 -0.6) (end 1 -0.6) (layer F.Fab) (width 0.1))
    (fp_line (start -1 0.6) (end -1 -0.6) (layer F.Fab) (width 0.1))
    (pad 2 smd roundrect (at 1.024999 0 225) (size 1.15 1.4) (layers F.Cu F.Paste F.Mask) (roundrect_rratio 0.217391)
      (net 3 DGND))
    (pad 1 smd roundrect (at -1.024999 0 225) (size 1.15 1.4) (layers F.Cu F.Paste F.Mask) (roundrect_rratio 0.217391)
      (net 4 /RESET1#))
    (model ${KISYS3DMOD}/Capacitor_SMD.3dshapes/C_0805_2012Metric.wrl
      (at (xyz 0 0 0))
      (scale (xyz 1 1 1))
      (rotate (xyz 0 0 0))
    )
  )

  (module Capacitor_SMD:C_0805_2012Metric_Pad1.15x1.40mm_HandSolder (layer F.Cu) (tedit 5B36C52B) (tstamp 5BEB8F18)
    (at 238.412845 43.281298 270)
    (descr "Capacitor SMD 0805 (2012 Metric), square (rectangular) end terminal, IPC_7351 nominal with elongated pad for handsoldering. (Body size source: https://docs.google.com/spreadsheets/d/1BsfQQcO9C6DZCsRaXUlFlo91Tg2WpOkGARC1WS5S8t0/edit?usp=sharing), generated with kicad-footprint-generator")
    (tags "capacitor handsolder")
    (path /5BE939E1)
    (attr smd)
    (fp_text reference C3 (at 0 -1.65 270) (layer F.SilkS)
      (effects (font (size 1 1) (thickness 0.15)))
    )
    (fp_text value 104 (at 0 1.65 270) (layer F.Fab)
      (effects (font (size 1 1) (thickness 0.15)))
    )
    (fp_text user %R (at 0 0 270) (layer F.Fab)
      (effects (font (size 0.5 0.5) (thickness 0.08)))
    )
    (fp_line (start 1.85 0.95) (end -1.85 0.95) (layer F.CrtYd) (width 0.05))
    (fp_line (start 1.85 -0.95) (end 1.85 0.95) (layer F.CrtYd) (width 0.05))
    (fp_line (start -1.85 -0.95) (end 1.85 -0.95) (layer F.CrtYd) (width 0.05))
    (fp_line (start -1.85 0.95) (end -1.85 -0.95) (layer F.CrtYd) (width 0.05))
    (fp_line (start -0.261252 0.71) (end 0.261252 0.71) (layer F.SilkS) (width 0.12))
    (fp_line (start -0.261252 -0.71) (end 0.261252 -0.71) (layer F.SilkS) (width 0.12))
    (fp_line (start 1 0.6) (end -1 0.6) (layer F.Fab) (width 0.1))
    (fp_line (start 1 -0.6) (end 1 0.6) (layer F.Fab) (width 0.1))
    (fp_line (start -1 -0.6) (end 1 -0.6) (layer F.Fab) (width 0.1))
    (fp_line (start -1 0.6) (end -1 -0.6) (layer F.Fab) (width 0.1))
    (pad 2 smd roundrect (at 1.025 0 270) (size 1.15 1.4) (layers F.Cu F.Paste F.Mask) (roundrect_rratio 0.217391)
      (net 1 GND))
    (pad 1 smd roundrect (at -1.025 0 270) (size 1.15 1.4) (layers F.Cu F.Paste F.Mask) (roundrect_rratio 0.217391)
      (net 2 VCC))
    (model ${KISYS3DMOD}/Capacitor_SMD.3dshapes/C_0805_2012Metric.wrl
      (at (xyz 0 0 0))
      (scale (xyz 1 1 1))
      (rotate (xyz 0 0 0))
    )
  )

  (module Capacitor_SMD:C_0805_2012Metric_Pad1.15x1.40mm_HandSolder (layer B.Cu) (tedit 5B36C52B) (tstamp 5BEB8E52)
    (at 276.606 19.567 90)
    (descr "Capacitor SMD 0805 (2012 Metric), square (rectangular) end terminal, IPC_7351 nominal with elongated pad for handsoldering. (Body size source: https://docs.google.com/spreadsheets/d/1BsfQQcO9C6DZCsRaXUlFlo91Tg2WpOkGARC1WS5S8t0/edit?usp=sharing), generated with kicad-footprint-generator")
    (tags "capacitor handsolder")
    (path /5BE9B1EF)
    (attr smd)
    (fp_text reference C4 (at 0 1.65 90) (layer B.SilkS)
      (effects (font (size 1 1) (thickness 0.15)) (justify mirror))
    )
    (fp_text value 22p (at 0 -1.65 90) (layer B.Fab)
      (effects (font (size 1 1) (thickness 0.15)) (justify mirror))
    )
    (fp_line (start -1 -0.6) (end -1 0.6) (layer B.Fab) (width 0.1))
    (fp_line (start -1 0.6) (end 1 0.6) (layer B.Fab) (width 0.1))
    (fp_line (start 1 0.6) (end 1 -0.6) (layer B.Fab) (width 0.1))
    (fp_line (start 1 -0.6) (end -1 -0.6) (layer B.Fab) (width 0.1))
    (fp_line (start -0.261252 0.71) (end 0.261252 0.71) (layer B.SilkS) (width 0.12))
    (fp_line (start -0.261252 -0.71) (end 0.261252 -0.71) (layer B.SilkS) (width 0.12))
    (fp_line (start -1.85 -0.95) (end -1.85 0.95) (layer B.CrtYd) (width 0.05))
    (fp_line (start -1.85 0.95) (end 1.85 0.95) (layer B.CrtYd) (width 0.05))
    (fp_line (start 1.85 0.95) (end 1.85 -0.95) (layer B.CrtYd) (width 0.05))
    (fp_line (start 1.85 -0.95) (end -1.85 -0.95) (layer B.CrtYd) (width 0.05))
    (fp_text user %R (at 0 0 90) (layer B.Fab)
      (effects (font (size 0.5 0.5) (thickness 0.08)) (justify mirror))
    )
    (pad 1 smd roundrect (at -1.025 0 90) (size 1.15 1.4) (layers B.Cu B.Paste B.Mask) (roundrect_rratio 0.217391)
      (net 3 DGND))
    (pad 2 smd roundrect (at 1.025 0 90) (size 1.15 1.4) (layers B.Cu B.Paste B.Mask) (roundrect_rratio 0.217391)
      (net 5 "Net-(C4-Pad2)"))
    (model ${KISYS3DMOD}/Capacitor_SMD.3dshapes/C_0805_2012Metric.wrl
      (at (xyz 0 0 0))
      (scale (xyz 1 1 1))
      (rotate (xyz 0 0 0))
    )
  )

  (module Capacitor_SMD:C_0805_2012Metric_Pad1.15x1.40mm_HandSolder (layer B.Cu) (tedit 5B36C52B) (tstamp 5BEB90F8)
    (at 284.48 19.567 90)
    (descr "Capacitor SMD 0805 (2012 Metric), square (rectangular) end terminal, IPC_7351 nominal with elongated pad for handsoldering. (Body size source: https://docs.google.com/spreadsheets/d/1BsfQQcO9C6DZCsRaXUlFlo91Tg2WpOkGARC1WS5S8t0/edit?usp=sharing), generated with kicad-footprint-generator")
    (tags "capacitor handsolder")
    (path /5BE9B1BA)
    (attr smd)
    (fp_text reference C5 (at 0 1.65 90) (layer B.SilkS)
      (effects (font (size 1 1) (thickness 0.15)) (justify mirror))
    )
    (fp_text value 22p (at 0 -1.65 90) (layer B.Fab)
      (effects (font (size 1 1) (thickness 0.15)) (justify mirror))
    )
    (fp_line (start -1 -0.6) (end -1 0.6) (layer B.Fab) (width 0.1))
    (fp_line (start -1 0.6) (end 1 0.6) (layer B.Fab) (width 0.1))
    (fp_line (start 1 0.6) (end 1 -0.6) (layer B.Fab) (width 0.1))
    (fp_line (start 1 -0.6) (end -1 -0.6) (layer B.Fab) (width 0.1))
    (fp_line (start -0.261252 0.71) (end 0.261252 0.71) (layer B.SilkS) (width 0.12))
    (fp_line (start -0.261252 -0.71) (end 0.261252 -0.71) (layer B.SilkS) (width 0.12))
    (fp_line (start -1.85 -0.95) (end -1.85 0.95) (layer B.CrtYd) (width 0.05))
    (fp_line (start -1.85 0.95) (end 1.85 0.95) (layer B.CrtYd) (width 0.05))
    (fp_line (start 1.85 0.95) (end 1.85 -0.95) (layer B.CrtYd) (width 0.05))
    (fp_line (start 1.85 -0.95) (end -1.85 -0.95) (layer B.CrtYd) (width 0.05))
    (fp_text user %R (at 0 0 90) (layer B.Fab)
      (effects (font (size 0.5 0.5) (thickness 0.08)) (justify mirror))
    )
    (pad 1 smd roundrect (at -1.025 0 90) (size 1.15 1.4) (layers B.Cu B.Paste B.Mask) (roundrect_rratio 0.217391)
      (net 3 DGND))
    (pad 2 smd roundrect (at 1.025 0 90) (size 1.15 1.4) (layers B.Cu B.Paste B.Mask) (roundrect_rratio 0.217391)
      (net 6 "Net-(C5-Pad2)"))
    (model ${KISYS3DMOD}/Capacitor_SMD.3dshapes/C_0805_2012Metric.wrl
      (at (xyz 0 0 0))
      (scale (xyz 1 1 1))
      (rotate (xyz 0 0 0))
    )
  )

  (module Capacitor_SMD:C_1206_3216Metric_Pad1.42x1.75mm_HandSolder (layer F.Cu) (tedit 5B301BBE) (tstamp 5BEB90C8)
    (at 252.222 43.2165 90)
    (descr "Capacitor SMD 1206 (3216 Metric), square (rectangular) end terminal, IPC_7351 nominal with elongated pad for handsoldering. (Body size source: http://www.tortai-tech.com/upload/download/2011102023233369053.pdf), generated with kicad-footprint-generator")
    (tags "capacitor handsolder")
    (path /5BFE8423)
    (attr smd)
    (fp_text reference C6 (at 0 -1.82 90) (layer F.SilkS)
      (effects (font (size 1 1) (thickness 0.15)))
    )
    (fp_text value 10u (at 0 1.82 90) (layer F.Fab)
      (effects (font (size 1 1) (thickness 0.15)))
    )
    (fp_line (start -1.6 0.8) (end -1.6 -0.8) (layer F.Fab) (width 0.1))
    (fp_line (start -1.6 -0.8) (end 1.6 -0.8) (layer F.Fab) (width 0.1))
    (fp_line (start 1.6 -0.8) (end 1.6 0.8) (layer F.Fab) (width 0.1))
    (fp_line (start 1.6 0.8) (end -1.6 0.8) (layer F.Fab) (width 0.1))
    (fp_line (start -0.602064 -0.91) (end 0.602064 -0.91) (layer F.SilkS) (width 0.12))
    (fp_line (start -0.602064 0.91) (end 0.602064 0.91) (layer F.SilkS) (width 0.12))
    (fp_line (start -2.45 1.12) (end -2.45 -1.12) (layer F.CrtYd) (width 0.05))
    (fp_line (start -2.45 -1.12) (end 2.45 -1.12) (layer F.CrtYd) (width 0.05))
    (fp_line (start 2.45 -1.12) (end 2.45 1.12) (layer F.CrtYd) (width 0.05))
    (fp_line (start 2.45 1.12) (end -2.45 1.12) (layer F.CrtYd) (width 0.05))
    (fp_text user %R (at 0 0 90) (layer F.Fab)
      (effects (font (size 0.8 0.8) (thickness 0.12)))
    )
    (pad 1 smd roundrect (at -1.4875 0 90) (size 1.425 1.75) (layers F.Cu F.Paste F.Mask) (roundrect_rratio 0.175439)
      (net 7 DVCC))
    (pad 2 smd roundrect (at 1.4875 0 90) (size 1.425 1.75) (layers F.Cu F.Paste F.Mask) (roundrect_rratio 0.175439)
      (net 3 DGND))
    (model ${KISYS3DMOD}/Capacitor_SMD.3dshapes/C_1206_3216Metric.wrl
      (at (xyz 0 0 0))
      (scale (xyz 1 1 1))
      (rotate (xyz 0 0 0))
    )
  )

  (module Capacitor_SMD:C_0805_2012Metric_Pad1.15x1.40mm_HandSolder (layer F.Cu) (tedit 5B36C52B) (tstamp 5BEB8E22)
    (at 256.032 42.681 90)
    (descr "Capacitor SMD 0805 (2012 Metric), square (rectangular) end terminal, IPC_7351 nominal with elongated pad for handsoldering. (Body size source: https://docs.google.com/spreadsheets/d/1BsfQQcO9C6DZCsRaXUlFlo91Tg2WpOkGARC1WS5S8t0/edit?usp=sharing), generated with kicad-footprint-generator")
    (tags "capacitor handsolder")
    (path /5BE93E30)
    (attr smd)
    (fp_text reference C7 (at 0 -1.65 90) (layer F.SilkS)
      (effects (font (size 1 1) (thickness 0.15)))
    )
    (fp_text value 104 (at 0 1.65 90) (layer F.Fab)
      (effects (font (size 1 1) (thickness 0.15)))
    )
    (fp_line (start -1 0.6) (end -1 -0.6) (layer F.Fab) (width 0.1))
    (fp_line (start -1 -0.6) (end 1 -0.6) (layer F.Fab) (width 0.1))
    (fp_line (start 1 -0.6) (end 1 0.6) (layer F.Fab) (width 0.1))
    (fp_line (start 1 0.6) (end -1 0.6) (layer F.Fab) (width 0.1))
    (fp_line (start -0.261252 -0.71) (end 0.261252 -0.71) (layer F.SilkS) (width 0.12))
    (fp_line (start -0.261252 0.71) (end 0.261252 0.71) (layer F.SilkS) (width 0.12))
    (fp_line (start -1.85 0.95) (end -1.85 -0.95) (layer F.CrtYd) (width 0.05))
    (fp_line (start -1.85 -0.95) (end 1.85 -0.95) (layer F.CrtYd) (width 0.05))
    (fp_line (start 1.85 -0.95) (end 1.85 0.95) (layer F.CrtYd) (width 0.05))
    (fp_line (start 1.85 0.95) (end -1.85 0.95) (layer F.CrtYd) (width 0.05))
    (fp_text user %R (at 0 0 90) (layer F.Fab)
      (effects (font (size 0.5 0.5) (thickness 0.08)))
    )
    (pad 1 smd roundrect (at -1.025 0 90) (size 1.15 1.4) (layers F.Cu F.Paste F.Mask) (roundrect_rratio 0.217391)
      (net 7 DVCC))
    (pad 2 smd roundrect (at 1.025 0 90) (size 1.15 1.4) (layers F.Cu F.Paste F.Mask) (roundrect_rratio 0.217391)
      (net 3 DGND))
    (model ${KISYS3DMOD}/Capacitor_SMD.3dshapes/C_0805_2012Metric.wrl
      (at (xyz 0 0 0))
      (scale (xyz 1 1 1))
      (rotate (xyz 0 0 0))
    )
  )

  (module Capacitor_SMD:C_0805_2012Metric_Pad1.15x1.40mm_HandSolder (layer B.Cu) (tedit 5B36C52B) (tstamp 5BEB8FA8)
    (at 225.412205 43.815434)
    (descr "Capacitor SMD 0805 (2012 Metric), square (rectangular) end terminal, IPC_7351 nominal with elongated pad for handsoldering. (Body size source: https://docs.google.com/spreadsheets/d/1BsfQQcO9C6DZCsRaXUlFlo91Tg2WpOkGARC1WS5S8t0/edit?usp=sharing), generated with kicad-footprint-generator")
    (tags "capacitor handsolder")
    (path /5BE9B67C)
    (attr smd)
    (fp_text reference C8 (at 0 1.65) (layer B.SilkS)
      (effects (font (size 1 1) (thickness 0.15)) (justify mirror))
    )
    (fp_text value 22p (at 0 -1.65) (layer B.Fab)
      (effects (font (size 1 1) (thickness 0.15)) (justify mirror))
    )
    (fp_text user %R (at 0 0) (layer B.Fab)
      (effects (font (size 0.5 0.5) (thickness 0.08)) (justify mirror))
    )
    (fp_line (start 1.85 -0.95) (end -1.85 -0.95) (layer B.CrtYd) (width 0.05))
    (fp_line (start 1.85 0.95) (end 1.85 -0.95) (layer B.CrtYd) (width 0.05))
    (fp_line (start -1.85 0.95) (end 1.85 0.95) (layer B.CrtYd) (width 0.05))
    (fp_line (start -1.85 -0.95) (end -1.85 0.95) (layer B.CrtYd) (width 0.05))
    (fp_line (start -0.261252 -0.71) (end 0.261252 -0.71) (layer B.SilkS) (width 0.12))
    (fp_line (start -0.261252 0.71) (end 0.261252 0.71) (layer B.SilkS) (width 0.12))
    (fp_line (start 1 -0.6) (end -1 -0.6) (layer B.Fab) (width 0.1))
    (fp_line (start 1 0.6) (end 1 -0.6) (layer B.Fab) (width 0.1))
    (fp_line (start -1 0.6) (end 1 0.6) (layer B.Fab) (width 0.1))
    (fp_line (start -1 -0.6) (end -1 0.6) (layer B.Fab) (width 0.1))
    (pad 2 smd roundrect (at 1.025 0) (size 1.15 1.4) (layers B.Cu B.Paste B.Mask) (roundrect_rratio 0.217391)
      (net 8 "Net-(C8-Pad2)"))
    (pad 1 smd roundrect (at -1.025 0) (size 1.15 1.4) (layers B.Cu B.Paste B.Mask) (roundrect_rratio 0.217391)
      (net 1 GND))
    (model ${KISYS3DMOD}/Capacitor_SMD.3dshapes/C_0805_2012Metric.wrl
      (at (xyz 0 0 0))
      (scale (xyz 1 1 1))
      (rotate (xyz 0 0 0))
    )
  )

  (module Capacitor_SMD:C_0805_2012Metric_Pad1.15x1.40mm_HandSolder (layer B.Cu) (tedit 5B36C52B) (tstamp 5BEB9068)
    (at 225.421205 52.959434)
    (descr "Capacitor SMD 0805 (2012 Metric), square (rectangular) end terminal, IPC_7351 nominal with elongated pad for handsoldering. (Body size source: https://docs.google.com/spreadsheets/d/1BsfQQcO9C6DZCsRaXUlFlo91Tg2WpOkGARC1WS5S8t0/edit?usp=sharing), generated with kicad-footprint-generator")
    (tags "capacitor handsolder")
    (path /5BE9B675)
    (attr smd)
    (fp_text reference C9 (at 0 1.65) (layer B.SilkS)
      (effects (font (size 1 1) (thickness 0.15)) (justify mirror))
    )
    (fp_text value 22p (at 0 -1.65) (layer B.Fab)
      (effects (font (size 1 1) (thickness 0.15)) (justify mirror))
    )
    (fp_line (start -1 -0.6) (end -1 0.6) (layer B.Fab) (width 0.1))
    (fp_line (start -1 0.6) (end 1 0.6) (layer B.Fab) (width 0.1))
    (fp_line (start 1 0.6) (end 1 -0.6) (layer B.Fab) (width 0.1))
    (fp_line (start 1 -0.6) (end -1 -0.6) (layer B.Fab) (width 0.1))
    (fp_line (start -0.261252 0.71) (end 0.261252 0.71) (layer B.SilkS) (width 0.12))
    (fp_line (start -0.261252 -0.71) (end 0.261252 -0.71) (layer B.SilkS) (width 0.12))
    (fp_line (start -1.85 -0.95) (end -1.85 0.95) (layer B.CrtYd) (width 0.05))
    (fp_line (start -1.85 0.95) (end 1.85 0.95) (layer B.CrtYd) (width 0.05))
    (fp_line (start 1.85 0.95) (end 1.85 -0.95) (layer B.CrtYd) (width 0.05))
    (fp_line (start 1.85 -0.95) (end -1.85 -0.95) (layer B.CrtYd) (width 0.05))
    (fp_text user %R (at 0 0) (layer B.Fab)
      (effects (font (size 0.5 0.5) (thickness 0.08)) (justify mirror))
    )
    (pad 1 smd roundrect (at -1.025 0) (size 1.15 1.4) (layers B.Cu B.Paste B.Mask) (roundrect_rratio 0.217391)
      (net 1 GND))
    (pad 2 smd roundrect (at 1.025 0) (size 1.15 1.4) (layers B.Cu B.Paste B.Mask) (roundrect_rratio 0.217391)
      (net 9 "Net-(C9-Pad2)"))
    (model ${KISYS3DMOD}/Capacitor_SMD.3dshapes/C_0805_2012Metric.wrl
      (at (xyz 0 0 0))
      (scale (xyz 1 1 1))
      (rotate (xyz 0 0 0))
    )
  )

  (module Capacitor_SMD:C_0805_2012Metric_Pad1.15x1.40mm_HandSolder (layer B.Cu) (tedit 5B36C52B) (tstamp 5BEB9008)
    (at 96.100408 11.989881)
    (descr "Capacitor SMD 0805 (2012 Metric), square (rectangular) end terminal, IPC_7351 nominal with elongated pad for handsoldering. (Body size source: https://docs.google.com/spreadsheets/d/1BsfQQcO9C6DZCsRaXUlFlo91Tg2WpOkGARC1WS5S8t0/edit?usp=sharing), generated with kicad-footprint-generator")
    (tags "capacitor handsolder")
    (path /5BF1F061)
    (attr smd)
    (fp_text reference C10 (at 0 1.65) (layer B.SilkS)
      (effects (font (size 1 1) (thickness 0.15)) (justify mirror))
    )
    (fp_text value 104 (at 0 -1.65) (layer B.Fab)
      (effects (font (size 1 1) (thickness 0.15)) (justify mirror))
    )
    (fp_line (start -1 -0.6) (end -1 0.6) (layer B.Fab) (width 0.1))
    (fp_line (start -1 0.6) (end 1 0.6) (layer B.Fab) (width 0.1))
    (fp_line (start 1 0.6) (end 1 -0.6) (layer B.Fab) (width 0.1))
    (fp_line (start 1 -0.6) (end -1 -0.6) (layer B.Fab) (width 0.1))
    (fp_line (start -0.261252 0.71) (end 0.261252 0.71) (layer B.SilkS) (width 0.12))
    (fp_line (start -0.261252 -0.71) (end 0.261252 -0.71) (layer B.SilkS) (width 0.12))
    (fp_line (start -1.85 -0.95) (end -1.85 0.95) (layer B.CrtYd) (width 0.05))
    (fp_line (start -1.85 0.95) (end 1.85 0.95) (layer B.CrtYd) (width 0.05))
    (fp_line (start 1.85 0.95) (end 1.85 -0.95) (layer B.CrtYd) (width 0.05))
    (fp_line (start 1.85 -0.95) (end -1.85 -0.95) (layer B.CrtYd) (width 0.05))
    (fp_text user %R (at 0 0) (layer B.Fab)
      (effects (font (size 0.5 0.5) (thickness 0.08)) (justify mirror))
    )
    (pad 1 smd roundrect (at -1.025 0) (size 1.15 1.4) (layers B.Cu B.Paste B.Mask) (roundrect_rratio 0.217391)
      (net 10 "Net-(C10-Pad1)"))
    (pad 2 smd roundrect (at 1.025 0) (size 1.15 1.4) (layers B.Cu B.Paste B.Mask) (roundrect_rratio 0.217391)
      (net 1 GND))
    (model ${KISYS3DMOD}/Capacitor_SMD.3dshapes/C_0805_2012Metric.wrl
      (at (xyz 0 0 0))
      (scale (xyz 1 1 1))
      (rotate (xyz 0 0 0))
    )
  )

  (module Capacitor_SMD:C_0805_2012Metric_Pad1.15x1.40mm_HandSolder (layer F.Cu) (tedit 5B36C52B) (tstamp 5BEB9098)
